0.75
0.25
0.25
0.75
0.25
0.25
0.75
0.25
0.25
0.75
0.25
0.25
0.75
0.25
0.25
0.8
0.8
0.8
0.8
0.8
0.8
0.8
0.8
0.8
0.8
0.8
0.8
0.8
0.8
0.8
0.8
0.8
0.8
0.8
0.8
0.8
0.8
0.8
0.8
0.8
0.8
0.8
0.8
0.8
0.8
0.8
0.8
0.8
0.8
0.8
0.8
0.8
0.8
0.8
0.75
0.25
0.25
0.75
0.25
0.25
0.75
0.25
0.25
0.75
0.25
0.25
0.75
0.25
0.25
0.8
0.8
0.8
0.8
0.8
0.8
0.8
0.8
0.8
0.8
0.8
0.8
0.8
0.8
0.8
0.25
0.5
1
0.8
0.8
0.8
0.25
0.5
1
0.8
0.8
0.8
0.8
0.8
0.8
0.8
0.8
0.8
0.8
0.8
0.8
0.8
0.8
0.8
0.8
0.8
0.8
0.8
0.8
0.8
0.8
0.8
0.8
0.8
0.8
0.8
0.8
0.8
0.8
0.75
0.25
0.25
0.75
0.25
0.25
0.75
0.25
0.25
0.75
0.25
0.25
0.75
0.25
0.25
0.8
0.8
0.8
0.5
0.25
0
0.8
0.8
0.8
0.8
0.8
0.8
0.8
0.8
0.8
0.8
0.8
0.8
0.5
0.25
0
0.8
0.8
0.8
0.8
0.8
0.8
0.8
0.8
0.8
0.8
0.8
0.8
0.8
0.8
0.8
0.8
0.8
0.8
0.8
0.8
0.8
0.75
0.25
0.25
0.75
0.25
0.25
0.75
0.25
0.25
0.75
0.25
0.25
0.75
0.25
0.25
0.75
0.25
0.25
0.75
0.25
0.25
0.75
0.25
0.25
0.75
0.25
0.25
0.75
0.25
0.25
