0.25
0.25
0.25
0.25
0.25
0.25
0.25
0.25
0.25
0.25
0.25
0.25
0.25
0.25
0.25
0.25
0.8
0
0.25
0.25
0.25
0.25
0.25
0.25
0.25
0.25
0.25
0.25
0.25
0.25
0.25
0.25
0.25
0.25
0.25
0.25
0.5
0.25
0
0.8
0.6
0.25
0.25
0.8
0
0.8
0.6
0.25
0.5
0.25
0
0.25
0.25
0.25
0.8
0.6
0.25
0.8
0.6
0.25
0.25
0.8
0
0.25
0.8
0
0.25
0.8
0
0.25
0.8
0
0.25
0.8
0
0.25
0.8
0
0.25
0.8
0
0.25
0.8
0
0.25
0.25
0.25
0.25
0.25
0.25
0.25
0.25
0.25
0.25
0.25
0.25
0.25
0.25
0.25
0.25
0.25
0.25
0.8
0.6
0.25
0.25
0.8
0
0.8
0.8
0.8
0.25
0.8
0
0.8
0.6
0.25
0.25
0.25
0.25
0.8
0.6
0.25
0.8
0.6
0.25
0.25
0.8
0
0.25
0.8
0
0.25
0.8
0
0.8
0.6
0.25
0.25
0.8
0
0.25
0.8
0
0.25
0.8
0
0.25
0.8
0
0.25
0.8
0
0.25
0.8
0
0.25
0.8
0
0.25
0.8
0
0.25
0.8
0
0.25
0.8
0
0.25
0.25
0.25
0.25
0.25
0.25
0.25
0.25
0.25
0.25
0.25
0.25
0.25
0.25
0.25
0.25
0.8
0
0.25
0.8
0
0.25
0.8
0
0.25
0.8
0
