0.25
0.75
1
0.25
0.5
1
0.25
0.75
1
0.25
0.5
1
0.25
0.75
1
0.25
0.75
1
0.25
0.5
1
0.25
0.75
1
1
0.8
0.5
0.25
0.8
0
0.25
0.75
1
0.25
0.75
1
0.25
0.5
1
0.25
0.75
1
1
0.8
0.5
1
0.8
0.5
1
0.8
0.5
1
0.8
0.5
1
0.8
0.5
1
0.8
0.5
1
0.8
0.5
0.25
0.8
0
0.25
0.5
1
0.25
0.75
1
1
0.8
0.5
1
0.8
0.5
1
0.8
0.5
1
0.8
0.5
1
0.8
0.5
1
0.8
0.5
1
1
1
1
1
1
1
0.8
0.5
1
0.8
0.5
0.25
0.8
0
0.25
0.8
0
0.6
0.4
0
0.25
0.8
0
0.25
0.75
1
0.25
0.75
1
1
0.8
0.5
1
0.8
0.5
1
0.8
0.5
1
0.8
0.5
1
0.8
0.5
1
0.8
0.5
1
1
1
1
0.8
0.5
1
0.8
0.5
1
0.8
0.5
0.8
0.6
0.25
1
0.8
0.25
0.8
0.6
0.25
0.25
0.8
0
1
0.8
0.25
0.25
0.8
0
0.25
0.8
0
0.25
0.8
0
0.25
0.8
0
0.25
0.8
0
0.25
0.8
0
1
0.8
0.5
1
0.8
0.5
0.25
0.75
1
0.25
0.5
1
1
0.8
0.5
1
0.8
0.5
1
0.8
0.5
1
0.8
0.5
1
0.8
0.5
1
0.8
0.5
1
0.8
0.5
1
0.8
0.5
1
1
1
1
0.8
0.5
0.6
0.4
0
0.6
0.4
0
0.25
0.8
0
1
0.8
0.5
1
0.8
0.5
1
0.8
0.5
0.25
0.75
1
0.25
0.75
1
1
0.8
0.5
1
0.8
0.5
1
0.8
0.5
1
0.8
0.5
1
0.8
0.5
1
0.8
0.5
1
0.8
0.5
1
0.8
0.5
1
0.8
0.5
1
0.8
0.5
1
0.8
0.5
0.25
0.8
0
0.25
0.8
0
1
0.8
0.5
1
0.8
0.5
1
0.8
0.5
1
0.8
0.5
1
0.8
0.5
1
0.8
0.5
1
0.8
0.5
1
0.8
0.5
1
0.8
0.5
1
0.8
0.5
1
0.8
0.5
1
0.8
0.5
1
0.8
0.5
0.25
0.8
0
0.25
0.8
0
0.25
0.8
0
0.25
0.8
0
