0.5
0.25
0
0.5
0.25
0
1
1
1
1
1
1
1
1
1
1
1
1
1
1
1
1
1
1
1
1
1
1
1
1
1
1
1
0.5
0.25
0
1
0.75
0.75
1
0.75
0.75
1
0.75
0.75
0.25
0.25
0.25
0.25
0.25
0.25
0.25
0.25
0.25
0.25
0.25
0.25
1
1
1
1
1
1
1
1
1
1
1
1
0.25
0.25
0.25
1
1
1
1
1
1
1
1
1
0.25
0.25
0.25
0.25
0.25
0.25
0.8
0.8
0.8
0.25
0.25
0.25
0.25
0.25
0.25
0.25
0.25
0.25
0.25
0.25
0.25
0.25
0.25
0.25
1
1
1
1
1
1
1
0.75
0.75
1
0.75
0.75
1
1
1
1
1
1
1
1
1
1
1
1
1
1
1
1
1
1
1
1
1
1
1
1
1
1
1
1
0.75
0.75
1
0.75
0.75
1
0.75
0.75
0.25
0.25
0.25
0.25
0.25
0.25
0.25
0.25
0.25
0.25
0.25
0.25
1
1
0.25
1
1
1
1
1
1
0.5
0.25
0
0.5
0.25
0
0.5
0.25
0
