1
0.8
1
1
0.8
1
1
0.8
1
0.8
0.25
0.25
1
0.8
1
0.8
0.25
0.25
1
0.8
1
0.8
0.25
0.25
0.8
0.25
0.25
0.25
0.5
1
0.8
0.25
0.25
1
0.8
1
1
0.8
1
0.8
0.25
0.25
0.8
0.25
0.25
1
0.8
1
0.8
0.25
0.25
0.25
0.5
1
1
0.8
1
1
0.8
1
0.8
0.25
0.25
0.8
0.25
0.25
1
0.8
1
0.8
0.25
0.25
1
0.8
1
0.8
0.6
0
0.8
0.6
0
1
0.8
1
0.8
0.6
0
1
0.8
1
0.8
0.25
0.25
0.8
0.6
0
0.8
0.25
0.25
0.8
0.25
0.25
1
0.8
1
0.8
0.6
0
1
0.8
1
0.8
0.25
0.25
0.8
0.25
0.25
0.8
0.8
0.8
0.8
0.25
0.25
1
0.8
1
0.8
0.6
0
1
0.8
1
1
0.8
1
0.8
0.25
0.25
0.8
0.25
0.25
1
0.8
1
0.8
0.25
0.25
1
0.8
1
0.8
0.6
0
0.8
0.25
0.25
1
0.8
1
1
0.8
1
0.8
0.25
0.25
0.8
0.25
0.25
1
0.8
1
0.8
0.25
0.25
0.25
0.5
1
1
0.8
1
1
0.8
1
1
0.8
1
0.8
0.25
0.25
1
0.8
1
0.8
0.25
0.25
1
0.8
1
0.8
0.25
0.25
0.8
0.25
0.25
